0 0 9.17
4 0 1.38
2 0 11.12
1 0 11.74
6 0 1.36
7 0 1.06
9 0 1.2
10 0 0.82
8 0 3.31
12 0 9.99
5 0 16.57
13 0 1.56
14 0 1.29
11 0 14.47
16 0 1.16
17 0 0.94
15 0 3.51
18 0 1.56
19 0 1.11
21 0 1.32
3 0 32.51
20 0 1.75
22 0 1.28
25 0 0.96
26 0 1.43
23 0 1.65
24 0 2.31
29 0 1.36
30 0 1.15
31 0 1.91
32 0 6.14
28 0 12.12
35 0 1.56
36 0 1.16
27 0 18.01
33 0 14.59
39 0 1.18
38 0 1.9
41 0 1.6
40 0 3.47
42 0 1.6
34 0 15.87
37 0 17.41
44 0 9.65
43 0 12.04
48 0 1.16
49 0 2.1
50 0 2.13
51 0 2.07
52 0 1.9
47 0 13.59
46 0 13.77
53 0 2.75
56 0 11.64
54 0 12.84
57 0 0.98
59 0 1.22
60 0 0.83
61 0 1.03
58 0 17.28
55 0 30.53
62 0 14.15
65 0 1.96
64 0 9.82
67 0 1.78
68 0 1.5
66 0 17.69
70 0 1.51
63 0 22.59
71 0 1.08
69 0 9.82
73 0 19.26
72 0 25.6
75 0 18.27
76 0 13.28
78 0 1.51
79 0 1.35
74 0 46.05
80 0 10.96
82 0 1.66
83 0 1.07
81 0 11.96
84 0 12.53
85 0 11.15
86 0 10.73
77 0 42.98
87 0 12.17
89 0 8.02
90 0 14.87
92 0 1.41
91 0 14.57
93 0 9.44
94 0 8.92
95 0 11.24
96 0 9.46
98 0 11.13
99 0 0.93
97 0 15.27
100 0 4.18
101 0 3.73
102 0 9.19
45 0 223.09
103 0 13.64
104 0 8.53
88 0 183.9
total 105 395.26
