0 0 12.6
2 0 14.59
4 0 2.08
1 0 15.87
6 0 1.65
7 0 1.25
9 0 2.24
8 0 3.82
10 0 1.28
12 0 8.94
13 0 1.58
14 0 1.38
11 0 13.54
5 0 20.08
16 0 1.09
18 0 1.03
17 0 1.33
15 0 4.26
19 0 1.5
21 0 0.85
20 0 1.69
22 0 1.22
23 0 1.1
24 0 1.64
3 0 39.58
25 0 1.17
26 0 1.39
29 0 1.41
30 0 1.4
31 0 1.99
32 0 6.49
28 0 10.39
35 0 1.2
36 0 1.21
27 0 16.47
38 0 1.5
33 0 15.26
39 0 1.39
41 0 1.21
42 0 1.13
40 0 3.41
34 0 14.29
37 0 14.87
44 0 9.77
43 0 14.16
48 0 1.16
49 0 2.0
46 0 13.08
50 0 2.04
52 0 1.94
51 0 2.01
53 0 2.09
47 0 14.64
54 0 12.8
57 0 1.02
56 0 11.84
59 0 1.0
60 0 0.93
61 0 1.31
58 0 13.51
55 0 25.48
62 0 13.01
65 0 1.66
64 0 11.08
67 0 1.86
68 0 1.58
66 0 17.51
70 0 1.6
63 0 25.61
69 0 10.89
71 0 1.16
73 0 17.92
72 0 27.24
75 0 17.63
76 0 12.8
78 0 1.54
79 0 1.77
74 0 45.59
80 0 9.36
82 0 1.08
83 0 0.79
81 0 10.02
84 0 10.76
85 0 9.33
77 0 39.08
86 0 10.28
87 0 11.56
89 0 7.98
90 0 14.64
92 0 1.43
91 0 14.67
93 0 9.62
94 0 8.92
95 0 11.43
96 0 9.72
98 0 11.09
99 0 0.92
97 0 15.33
100 0 4.24
101 0 3.81
45 0 214.96
102 0 9.04
103 0 13.69
104 0 8.51
88 0 185.15
total 105 395.12
